UniRef90_A0A0E3CNA6|1__5|SGB7144	combined_trimmed_reads.fastq_GCF_900636965.1	90.286	700	68	0	1	700	662653	661954	0.0	1038
UniRef90_A0A0E3CNA6|1__5|SGB7144	combined_trimmed_reads.fastq_GCF_900636965.1	83.758	628	98	4	61	686	2633431	2634056	0.0	678
UniRef90_K6RPD2|1__3|SGB7144	combined_trimmed_reads.fastq_GCF_900636965.1	98.655	446	6	0	2	447	2256542	2256097	0.0	802
UniRef90_A0A0E3D1S0|1__3|SGB7144	combined_trimmed_reads.fastq_GCF_900636965.1	96.222	450	17	0	1	450	742489	742040	0.0	769
UniRef90_K8Q6R8|1__4|SGB7144	combined_trimmed_reads.fastq_GCF_900636965.1	92.000	600	48	0	1	600	804635	805234	0.0	929
UniRef90_A0A179X1T8|1__4|SGB7144	combined_trimmed_reads.fastq_GCF_900636965.1	95.159	599	29	0	1	599	808223	808821	0.0	1000
UniRef90_C2FBR8|1__3|SGB7144	combined_trimmed_reads.fastq_GCF_900636965.1	89.286	448	48	0	1	448	2293446	2292999	0.0	651
UniRef90_K0NCR2|1__3|SGB7144	combined_trimmed_reads.fastq_GCF_900636965.1	96.222	450	17	0	1	450	2572834	2572385	0.0	769
UniRef90_A0A1Y0DYT2|1__4|SGB7144	combined_trimmed_reads.fastq_GCF_900636965.1	92.667	600	44	0	1	600	2294152	2293553	0.0	944
UniRef90_B3W9Z0|1__4|SGB7144	combined_trimmed_reads.fastq_GCF_900636965.1	96.167	600	23	0	1	600	2302778	2302179	0.0	1024
UniRef90_A0A179XP81|1__3|SGB7144	combined_trimmed_reads.fastq_GCF_900636965.1	93.333	450	30	0	1	450	2273204	2273653	0.0	719
UniRef90_K8QUJ3|1__4|SGB7144	combined_trimmed_reads.fastq_GCF_900636965.1	96.667	600	20	0	1	600	741261	741860	0.0	1035
UniRef90_A0A2Y8ZC44|1__5|SGB7144	combined_trimmed_reads.fastq_GCF_900636965.1	96.267	750	28	0	1	750	2864946	2864197	0.0	1282
UniRef90_A0A179XPU6|1__4|SGB7144	combined_trimmed_reads.fastq_GCF_900636965.1	96.000	600	24	0	1	600	1024748	1024149	0.0	1020
UniRef90_A0A2A5L7U6|1__4|SGB7144	combined_trimmed_reads.fastq_GCF_900636965.1	95.833	600	25	0	1	600	2284111	2284710	0.0	1016
UniRef90_A0A249DBS2|1__3|SGB7144	combined_trimmed_reads.fastq_GCF_900636965.1	95.349	430	20	0	21	450	897376	896947	0.0	721
UniRef90_A0A179Z5V6|1__3|SGB7144	combined_trimmed_reads.fastq_GCF_900636965.1	92.889	450	32	0	1	450	33822	34271	0.0	710
UniRef90_A0A370MQ24|1__3|SGB7144	combined_trimmed_reads.fastq_GCF_900636965.1	97.333	450	12	0	1	450	786868	787317	0.0	787
UniRef90_A0A0E3CN25|1__6|SGB7144	combined_trimmed_reads.fastq_GCF_900636965.1	96.222	900	34	0	1	900	333944	334843	0.0	1537
UniRef90_Q03AS0|1__5|SGB7144	combined_trimmed_reads.fastq_GCF_900636965.1	92.400	750	57	0	1	750	906563	907312	0.0	1170
UniRef90_A0A2Y8ZGZ4|1__4|SGB7144	combined_trimmed_reads.fastq_GCF_900636965.1	96.333	600	22	0	1	600	923294	923893	0.0	1024
UniRef90_Q033W5|1__3|SGB7144	combined_trimmed_reads.fastq_GCF_900636965.1	92.667	450	33	0	1	450	2843320	2842871	0.0	710
UniRef90_A0A179YIV4|1__3|SGB7144	combined_trimmed_reads.fastq_GCF_900636965.1	96.000	450	18	0	1	450	186872	186423	0.0	765
UniRef90_A0A2Y8ZKZ0|1__3|SGB7144	combined_trimmed_reads.fastq_GCF_900636965.1	95.111	450	22	0	1	450	2648648	2648199	0.0	749
UniRef90_A0A0K1KYM5|1__3|SGB7144	combined_trimmed_reads.fastq_GCF_900636965.1	96.444	450	16	0	1	450	925041	925490	0.0	773
UniRef90_A0A180BEA2|1__3|SGB7144	combined_trimmed_reads.fastq_GCF_900636965.1	94.222	450	26	0	1	450	774643	775092	0.0	736
UniRef90_S6CK19|1__3|SGB7144	combined_trimmed_reads.fastq_GCF_900636965.1	94.444	450	25	0	1	450	2581601	2581152	0.0	739
UniRef90_K8QBK8|1__4|SGB7144	combined_trimmed_reads.fastq_GCF_900636965.1	94.324	599	34	0	1	599	894855	895453	0.0	977
UniRef90_A0A0J6V1C3|2__6|SGB7144	combined_trimmed_reads.fastq_GCF_900636965.1	96.714	700	23	0	1	700	924309	925008	0.0	1208
UniRef90_K0N8J7|1__4|SGB7144	combined_trimmed_reads.fastq_GCF_900636965.1	92.821	599	43	0	1	599	2663670	2663072	0.0	933
UniRef90_A0A0E3D3Q0|1__3|SGB7144	combined_trimmed_reads.fastq_GCF_900636965.1	92.444	450	34	0	1	450	1000780	1001229	0.0	706
UniRef90_F3MZ92|1__3|SGB7144	combined_trimmed_reads.fastq_GCF_900636965.1	98.000	450	9	0	1	450	1067655	1068104	0.0	798
UniRef90_C2JTG6|1__3|SGB7144	combined_trimmed_reads.fastq_GCF_900636965.1	96.889	450	14	0	1	450	174429	174878	0.0	780
UniRef90_A0A1J3C697|1__3|SGB7144	combined_trimmed_reads.fastq_GCF_900636965.1	94.902	255	13	0	196	450	1005096	1005350	2.95e-119	424
UniRef90_A0A0K1KWW6|1__7|SGB7144	combined_trimmed_reads.fastq_GCF_900636965.1	96.282	1049	39	0	1	1049	251154	252202	0.0	1792
UniRef90_A0A0K1KXX7|1__4|SGB7144	combined_trimmed_reads.fastq_GCF_900636965.1	94.314	598	34	0	3	600	941012	941609	0.0	979
UniRef90_A0A0E3CLC9|1__4|SGB7144	combined_trimmed_reads.fastq_GCF_900636965.1	95.659	599	26	0	1	599	1275537	1276135	0.0	1011
UniRef90_A0A2A5L7W6|1__4|SGB7144	combined_trimmed_reads.fastq_GCF_900636965.1	96.000	600	24	0	1	600	2301669	2301070	0.0	1020
UniRef90_A0A0E3CPP5|1__4|SGB7144	combined_trimmed_reads.fastq_GCF_900636965.1	95.000	600	30	0	1	600	2881500	2882099	0.0	998
UniRef90_K8QHZ1|1__3|SGB7144	combined_trimmed_reads.fastq_GCF_900636965.1	94.222	450	26	0	1	450	2306774	2306325	0.0	736
UniRef90_A0A0E3CNK2|1__7|SGB7144	combined_trimmed_reads.fastq_GCF_900636965.1	98.095	1050	20	0	1	1050	267708	268757	0.0	1866
UniRef90_A0A171JAF3|1__4|SGB7144	combined_trimmed_reads.fastq_GCF_900636965.1	96.833	600	19	0	1	600	985117	985716	0.0	1038
UniRef90_A0A0E3CPP8|1__4|SGB7144	combined_trimmed_reads.fastq_GCF_900636965.1	93.833	600	37	0	1	600	2878166	2877567	0.0	970
UniRef90_K8QAV7|1__4|SGB7144	combined_trimmed_reads.fastq_GCF_900636965.1	94.167	600	35	0	1	600	2588874	2589473	0.0	979
UniRef90_A0A179YEB7|1__4|SGB7144	combined_trimmed_reads.fastq_GCF_900636965.1	93.000	600	42	0	1	600	2679960	2679361	0.0	946
UniRef90_K6Q586|1__4|SGB7144	combined_trimmed_reads.fastq_GCF_900636965.1	94.500	600	33	0	1	600	1731838	1731239	0.0	985
UniRef90_A0A370MSM5|1__6|SGB7144	combined_trimmed_reads.fastq_GCF_900636965.1	95.000	900	45	0	1	900	2657797	2658696	0.0	1496
UniRef90_K0NDL4|3__6|SGB7144	combined_trimmed_reads.fastq_GCF_900636965.1	94.900	549	28	0	1	549	2889176	2888628	0.0	911
UniRef90_A0A0J6TU36|1__4|SGB7144	combined_trimmed_reads.fastq_GCF_900636965.1	93.792	596	37	0	1	596	145541	144946	0.0	955
UniRef90_A0A0K1L1B9|1__3|SGB7144	combined_trimmed_reads.fastq_GCF_900636965.1	96.659	449	15	0	1	449	2373571	2373123	0.0	773
UniRef90_A0A179XM20|1__3|SGB7144	combined_trimmed_reads.fastq_GCF_900636965.1	95.111	450	22	0	1	450	785232	785681	0.0	750
UniRef90_A0A179YDU5|1__3|SGB7144	combined_trimmed_reads.fastq_GCF_900636965.1	94.889	450	23	0	1	450	2305688	2305239	0.0	747
UniRef90_B3WC53|1__3|SGB7144	combined_trimmed_reads.fastq_GCF_900636965.1	97.333	450	12	0	1	450	750259	750708	0.0	787
UniRef90_A0A1S2AHK4|1__4|SGB7144	combined_trimmed_reads.fastq_GCF_900636965.1	91.833	600	49	0	1	600	797734	798333	0.0	928
UniRef90_A0A179Y8D0|1__4|SGB7144	combined_trimmed_reads.fastq_GCF_900636965.1	91.971	274	22	0	327	600	2841752	2841479	3.98e-119	424
UniRef90_A0A179Y8D0|1__4|SGB7144	combined_trimmed_reads.fastq_GCF_900636965.1	93.706	143	9	0	1	143	2842078	2841936	2.59e-61	231
UniRef90_A0A179XM22|1__4|SGB7144	combined_trimmed_reads.fastq_GCF_900636965.1	92.450	596	45	0	1	596	108118	108713	0.0	933
UniRef90_A0A179XGS3|1__3|SGB7144	combined_trimmed_reads.fastq_GCF_900636965.1	96.667	450	15	0	1	450	748104	747655	0.0	773
UniRef90_A0A180AGN8|1__3|SGB7144	combined_trimmed_reads.fastq_GCF_900636965.1	93.111	450	31	0	1	450	622123	621674	0.0	693
UniRef90_A0A171J4E0|2__5|SGB7144	combined_trimmed_reads.fastq_GCF_900636965.1	96.364	550	20	0	1	550	256470	257019	0.0	941
UniRef90_A0A179XKF2|1__4|SGB7144	combined_trimmed_reads.fastq_GCF_900636965.1	95.167	600	29	0	1	600	291084	291683	0.0	1002
UniRef90_A0A0J6UHG3|1__4|SGB7144	combined_trimmed_reads.fastq_GCF_900636965.1	94.833	600	31	0	1	600	888394	888993	0.0	992
UniRef90_A0A171JAD2|1__3|SGB7144	combined_trimmed_reads.fastq_GCF_900636965.1	97.333	450	12	0	1	450	1008449	1008000	0.0	787
UniRef90_A0A171J4G6|1__3|SGB7144	combined_trimmed_reads.fastq_GCF_900636965.1	93.778	450	28	0	1	450	234095	234544	0.0	726
UniRef90_A0A2A5L6S6|1__3|SGB7144	combined_trimmed_reads.fastq_GCF_900636965.1	94.667	450	24	0	1	450	1012983	1013432	0.0	743
UniRef90_A0A180C8Y5|1__3|SGB7144	combined_trimmed_reads.fastq_GCF_900636965.1	96.000	450	18	0	1	450	674739	675188	0.0	765
UniRef90_A0A179YJA2|1__3|SGB7144	combined_trimmed_reads.fastq_GCF_900636965.1	95.333	450	21	0	1	450	2977350	2976901	0.0	752
UniRef90_S6CJK3|1__3|SGB7144	combined_trimmed_reads.fastq_GCF_900636965.1	96.889	450	14	0	1	450	1685540	1685091	0.0	780
UniRef90_A0A180C640|1__5|SGB7144	combined_trimmed_reads.fastq_GCF_900636965.1	94.667	750	40	0	1	750	2658824	2659573	0.0	1238
UniRef90_A0A2A5L3Y9|1__4|SGB7144	combined_trimmed_reads.fastq_GCF_900636965.1	95.167	600	29	0	1	600	2649375	2648776	0.0	1002
UniRef90_A0A0J6V1B2|1__4|SGB7144	combined_trimmed_reads.fastq_GCF_900636965.1	98.833	600	7	0	1	600	174225	173626	0.0	1083
UniRef90_A0A1Y0E1C9|1__3|SGB7144	combined_trimmed_reads.fastq_GCF_900636965.1	94.889	450	23	0	1	450	1798935	1798486	0.0	736
UniRef90_C2K1R0|1__3|SGB7144	combined_trimmed_reads.fastq_GCF_900636965.1	97.111	450	13	0	1	450	810158	809709	0.0	784
UniRef90_A0A2R7EVV2|1__3|SGB7144	combined_trimmed_reads.fastq_GCF_900636965.1	95.197	229	11	0	222	450	727767	727539	1.80e-106	381
UniRef90_A0A2R7EVV2|1__3|SGB7144	combined_trimmed_reads.fastq_GCF_900636965.1	94.706	170	9	0	1	170	727988	727819	1.88e-76	281
UniRef90_A0A2Y8ZPA3|1__7|SGB7144	combined_trimmed_reads.fastq_GCF_900636965.1	93.048	1050	73	0	1	1050	2875527	2874478	0.0	1664
UniRef90_A0A180A5E0|1__6|SGB7144	combined_trimmed_reads.fastq_GCF_900636965.1	92.732	853	62	0	48	900	2972208	2971356	0.0	1347
UniRef90_Q03A19|2__6|SGB7144	combined_trimmed_reads.fastq_GCF_900636965.1	95.143	700	34	0	1	700	1186379	1187078	0.0	1166
UniRef90_K8QCM2|1__5|SGB7144	combined_trimmed_reads.fastq_GCF_900636965.1	94.400	750	42	0	1	750	799183	798434	0.0	1221
UniRef90_A0A125YCL3|1__4|SGB7144	combined_trimmed_reads.fastq_GCF_900636965.1	92.500	600	45	0	1	600	240913	240314	0.0	942
UniRef90_A0A179ZM51|1__4|SGB7144	combined_trimmed_reads.fastq_GCF_900636965.1	93.645	598	38	0	1	598	2515488	2514891	0.0	955
UniRef90_A0A179YHU6|1__4|SGB7144	combined_trimmed_reads.fastq_GCF_900636965.1	93.322	599	40	0	1	599	931146	930548	0.0	959
UniRef90_K8QJX0|1__4|SGB7144	combined_trimmed_reads.fastq_GCF_900636965.1	95.667	600	26	0	1	600	719969	719370	0.0	1013
UniRef90_A0A2Y8ZK23|1__4|SGB7144	combined_trimmed_reads.fastq_GCF_900636965.1	94.167	600	35	0	1	600	806829	807428	0.0	979
UniRef90_A0A2Y9BRX4|1__4|SGB7144	combined_trimmed_reads.fastq_GCF_900636965.1	96.167	600	23	0	1	600	79544	78945	0.0	1024
UniRef90_A0A2A5L6T7|1__3|SGB7144	combined_trimmed_reads.fastq_GCF_900636965.1	97.333	450	12	0	1	450	1002001	1001552	0.0	787
UniRef90_A0A249DG62|1__3|SGB7144	combined_trimmed_reads.fastq_GCF_900636965.1	96.889	450	14	0	1	450	2659667	2660116	0.0	773
UniRef90_A0A179XMQ4|1__5|SGB7144	combined_trimmed_reads.fastq_GCF_900636965.1	93.583	748	48	0	1	748	623087	622340	0.0	1205
UniRef90_A0A0J6TYX1|1__4|SGB7144	combined_trimmed_reads.fastq_GCF_900636965.1	98.667	600	8	0	1	600	2234982	2235581	0.0	1079
UniRef90_A0A180D148|1__4|SGB7144	combined_trimmed_reads.fastq_GCF_900636965.1	95.167	600	29	0	1	600	910319	909720	0.0	1002
UniRef90_K8QGL2|1__4|SGB7144	combined_trimmed_reads.fastq_GCF_900636965.1	92.953	596	42	0	2	597	2915781	2915186	0.0	941
UniRef90_A0A2R7EYY3|1__3|SGB7144	combined_trimmed_reads.fastq_GCF_900636965.1	93.722	446	28	0	1	446	2914434	2914879	0.0	721
UniRef90_A0A1Y0DZQ4|1__3|SGB7144	combined_trimmed_reads.fastq_GCF_900636965.1	95.778	450	19	0	1	450	1792443	1792892	0.0	761
UniRef90_A0A180A1A6|1__3|SGB7144	combined_trimmed_reads.fastq_GCF_900636965.1	93.764	449	28	0	1	449	1039567	1040015	0.0	726
UniRef90_A0A2Y9BZ66|1__7|SGB7144	combined_trimmed_reads.fastq_GCF_900636965.1	97.905	1050	22	0	1	1050	173554	172505	0.0	1858
UniRef90_A0A0D6U5I1|1__7|SGB7144	combined_trimmed_reads.fastq_GCF_900636965.1	95.333	1050	49	0	1	1050	2284834	2285883	0.0	1753
UniRef90_C2JT60|1__5|SGB7144	combined_trimmed_reads.fastq_GCF_900636965.1	96.933	750	23	0	1	750	268762	269511	0.0	1301
UniRef90_A0A180BVW2|1__5|SGB7144	combined_trimmed_reads.fastq_GCF_900636965.1	97.467	750	19	0	1	750	1172759	1173508	0.0	1312
UniRef90_UNK7144-LIFHEJKG_00295|1__5|SGB7144	combined_trimmed_reads.fastq_GCF_900636965.1	95.733	750	32	0	1	750	312026	312775	0.0	1267
UniRef90_K8Q2M4|1__5|SGB7144	combined_trimmed_reads.fastq_GCF_900636965.1	97.600	750	18	0	1	750	246618	247367	0.0	1317
UniRef90_C2JYP1|1__4|SGB7144	combined_trimmed_reads.fastq_GCF_900636965.1	96.000	600	24	0	1	600	2482364	2482963	0.0	1020
UniRef90_A0A171JA05|1__4|SGB7144	combined_trimmed_reads.fastq_GCF_900636965.1	92.000	600	48	0	1	600	1137357	1137956	0.0	929
UniRef90_K8Q5B0|1__4|SGB7144	combined_trimmed_reads.fastq_GCF_900636965.1	95.167	600	29	0	1	600	40347	40946	0.0	1002
UniRef90_A0A0D6UDB8|1__3|SGB7144	combined_trimmed_reads.fastq_GCF_900636965.1	96.667	450	15	0	1	450	751414	750965	0.0	774
UniRef90_A0A179YBA1|1__3|SGB7144	combined_trimmed_reads.fastq_GCF_900636965.1	94.889	450	23	0	1	450	1643994	1643545	0.0	747
UniRef90_A0A180AAS7|1__3|SGB7144	combined_trimmed_reads.fastq_GCF_900636965.1	91.556	450	38	0	1	450	1833271	1833720	0.0	686
UniRef90_K8QAK2|1__6|SGB7144	combined_trimmed_reads.fastq_GCF_900636965.1	94.994	899	45	0	1	899	1038285	1039183	0.0	1495
UniRef90_A0A2Y8ZGY5|1__5|SGB7144	combined_trimmed_reads.fastq_GCF_900636965.1	94.533	750	41	0	1	750	2234123	2234872	0.0	1230
UniRef90_A0A2Y8ZL13|1__5|SGB7144	combined_trimmed_reads.fastq_GCF_900636965.1	96.667	750	25	0	1	750	290286	291035	0.0	1293
UniRef90_A0A171JAI6|1__5|SGB7144	combined_trimmed_reads.fastq_GCF_900636965.1	93.600	750	48	0	1	750	947181	947930	0.0	1208
UniRef90_K8QH23|1__5|SGB7144	combined_trimmed_reads.fastq_GCF_900636965.1	97.200	750	21	0	1	750	2603469	2602720	0.0	1306
UniRef90_A0A179XJV8|1__4|SGB7144	combined_trimmed_reads.fastq_GCF_900636965.1	96.000	600	24	0	1	600	218725	219324	0.0	1013
UniRef90_A0A179XBH3|1__4|SGB7144	combined_trimmed_reads.fastq_GCF_900636965.1	95.333	600	28	0	1	600	1773110	1772511	0.0	1002
UniRef90_A0A2A5L1U6|1__4|SGB7144	combined_trimmed_reads.fastq_GCF_900636965.1	90.833	600	55	0	1	600	37525	38124	0.0	900
UniRef90_K8QE82|1__3|SGB7144	combined_trimmed_reads.fastq_GCF_900636965.1	94.209	449	26	0	1	449	2346219	2345771	0.0	734
UniRef90_A0A3S4TKM6|1__3|SGB7144	combined_trimmed_reads.fastq_GCF_900636965.1	96.222	450	17	0	1	450	1136851	1137300	0.0	769
UniRef90_A0A179YG11|1__3|SGB7144	combined_trimmed_reads.fastq_GCF_900636965.1	94.000	450	27	0	1	450	2841354	2840905	0.0	732
UniRef90_B3WCP6|1__7|SGB7144	combined_trimmed_reads.fastq_GCF_900636965.1	94.471	1049	58	0	1	1049	953507	954555	0.0	1724
UniRef90_A0A0D6U9B6|1__5|SGB7144	combined_trimmed_reads.fastq_GCF_900636965.1	95.200	750	36	0	1	750	242747	243496	0.0	1249
UniRef90_K8QUJ8|1__5|SGB7144	combined_trimmed_reads.fastq_GCF_900636965.1	94.933	750	38	0	1	750	745363	746112	0.0	1243
UniRef90_A0A0E3CPC6|3__6|SGB7144	combined_trimmed_reads.fastq_GCF_900636965.1	95.091	550	27	0	1	550	2938071	2937522	0.0	917
UniRef90_A0A2A5L544|1__4|SGB7144	combined_trimmed_reads.fastq_GCF_900636965.1	97.500	600	15	0	1	600	279557	280156	0.0	1051
UniRef90_A0A171J506|1__4|SGB7144	combined_trimmed_reads.fastq_GCF_900636965.1	94.500	600	33	0	1	600	33649	33050	0.0	987
UniRef90_A0A0J6TLT0|1__4|SGB7144	combined_trimmed_reads.fastq_GCF_900636965.1	96.333	600	22	0	1	600	905054	904455	0.0	1027
UniRef90_A0A2Y8ZGN3|1__4|SGB7144	combined_trimmed_reads.fastq_GCF_900636965.1	92.667	600	44	0	1	600	2258592	2257993	0.0	944
UniRef90_A0A370MS01|1__3|SGB7144	combined_trimmed_reads.fastq_GCF_900636965.1	94.444	450	25	0	1	450	1390871	1391320	0.0	737
UniRef90_A0A2A5L357|1__3|SGB7144	combined_trimmed_reads.fastq_GCF_900636965.1	96.667	450	15	0	1	450	2585485	2585036	0.0	776
UniRef90_A0A179YCS5|1__3|SGB7144	combined_trimmed_reads.fastq_GCF_900636965.1	94.889	450	23	0	1	450	1827901	1827452	0.0	747
UniRef90_A0A0J6WJS4|1__3|SGB7144	combined_trimmed_reads.fastq_GCF_900636965.1	91.778	450	37	0	1	450	790418	790867	0.0	695
UniRef90_A0A171J9E9|1__3|SGB7144	combined_trimmed_reads.fastq_GCF_900636965.1	95.556	450	20	0	1	450	1292076	1292525	0.0	758
UniRef90_K8QD63|1__7|SGB7144	combined_trimmed_reads.fastq_GCF_900636965.1	95.333	1050	49	0	1	1050	2950436	2951485	0.0	1759
UniRef90_Q03D52|1__7|SGB7144	combined_trimmed_reads.fastq_GCF_900636965.1	95.484	620	28	0	1	620	3738	4357	0.0	1037
UniRef90_Q03D52|1__7|SGB7144	combined_trimmed_reads.fastq_GCF_900636965.1	95.796	333	14	0	718	1050	4455	4787	1.44e-160	562
UniRef90_A0A1Y0DUB4|1__7|SGB7144	combined_trimmed_reads.fastq_GCF_900636965.1	95.606	1047	46	0	1	1047	1025862	1026908	0.0	1764
UniRef90_Q033M9|2__7|SGB7144	combined_trimmed_reads.fastq_GCF_900636965.1	91.529	850	72	0	1	850	2941735	2940886	0.0	1303
UniRef90_P17584|1__6|SGB7144	combined_trimmed_reads.fastq_GCF_900636965.1	94.778	900	47	0	1	900	175026	175925	0.0	1489
UniRef90_K6S4R3|1__6|SGB7144	combined_trimmed_reads.fastq_GCF_900636965.1	94.556	900	49	0	1	900	1095713	1096612	0.0	1474
UniRef90_A0A2Y9BYZ3|1__6|SGB7144	combined_trimmed_reads.fastq_GCF_900636965.1	95.000	900	45	0	1	900	2478527	2477628	0.0	1496
UniRef90_A0A179YEL7|1__6|SGB7144	combined_trimmed_reads.fastq_GCF_900636965.1	94.222	900	52	0	1	900	2650663	2649764	0.0	1471
UniRef90_Q035B3|1__5|SGB7144	combined_trimmed_reads.fastq_GCF_900636965.1	94.800	750	39	0	1	750	2513853	2513104	0.0	1242
UniRef90_Q035B4|1__5|SGB7144	combined_trimmed_reads.fastq_GCF_900636965.1	96.000	750	30	0	1	750	2513015	2512266	0.0	1275
UniRef90_A0A0J6UWP5|1__4|SGB7144	combined_trimmed_reads.fastq_GCF_900636965.1	95.167	600	29	0	1	600	1810850	1810251	0.0	1002
UniRef90_A0A2Y9BRD8|1__4|SGB7144	combined_trimmed_reads.fastq_GCF_900636965.1	94.833	600	31	0	1	600	1022851	1022252	0.0	989
UniRef90_C2FEY0|1__4|SGB7144	combined_trimmed_reads.fastq_GCF_900636965.1	94.825	599	31	0	1	599	1732481	1731883	0.0	992
UniRef90_K8QJI7|1__4|SGB7144	combined_trimmed_reads.fastq_GCF_900636965.1	97.333	600	16	0	1	600	170351	169752	0.0	1048
UniRef90_A0A180CFW1|1__4|SGB7144	combined_trimmed_reads.fastq_GCF_900636965.1	94.000	600	36	0	1	600	239291	239890	0.0	974
UniRef90_UNK7144-EICAOJKE_01048|1__4|SGB7144	combined_trimmed_reads.fastq_GCF_900636965.1	93.511	601	38	1	1	600	803896	804496	0.0	963
UniRef90_K8Q7D3|1__3|SGB7144	combined_trimmed_reads.fastq_GCF_900636965.1	93.556	450	29	0	1	450	220108	220557	0.0	723
UniRef90_A0A180CUS1|1__3|SGB7144	combined_trimmed_reads.fastq_GCF_900636965.1	91.224	433	38	0	3	435	2192777	2192345	0.0	658
UniRef90_K8Q5J3|1__3|SGB7144	combined_trimmed_reads.fastq_GCF_900636965.1	94.444	450	25	0	1	450	1108098	1107649	0.0	736
UniRef90_K6RV02|1__12|SGB7144	combined_trimmed_reads.fastq_GCF_900636965.1	95.611	1800	79	0	1	1800	2859436	2857637	0.0	3025
UniRef90_A0A180CMB2|1__6|SGB7144	combined_trimmed_reads.fastq_GCF_900636965.1	96.667	900	30	0	1	900	266627	267526	0.0	1552
UniRef90_A0A0R1ES99|1__6|SGB7144	combined_trimmed_reads.fastq_GCF_900636965.1	92.778	900	65	0	1	900	2169193	2168294	0.0	1421
UniRef90_A0A0E3CQ27|1__6|SGB7144	combined_trimmed_reads.fastq_GCF_900636965.1	92.778	900	65	0	1	900	2648027	2647128	0.0	1423
UniRef90_A0A2Y8ZH26|1__5|SGB7144	combined_trimmed_reads.fastq_GCF_900636965.1	96.400	750	27	0	1	750	269688	270437	0.0	1279
UniRef90_A0A171J4D9|1__5|SGB7144	combined_trimmed_reads.fastq_GCF_900636965.1	96.133	750	29	0	1	750	257169	257918	0.0	1279
UniRef90_A0A171J9N6|1__5|SGB7144	combined_trimmed_reads.fastq_GCF_900636965.1	95.467	750	34	0	1	750	1197066	1197815	0.0	1260
UniRef90_Q03AR1|2__5|SGB7144	combined_trimmed_reads.fastq_GCF_900636965.1	95.628	549	24	0	2	550	914149	913601	0.0	924
UniRef90_A0A0D6U7H6|2__5|SGB7144	combined_trimmed_reads.fastq_GCF_900636965.1	91.927	545	44	0	2	546	2986181	2985637	0.0	845
UniRef90_K8Q774|1__4|SGB7144	combined_trimmed_reads.fastq_GCF_900636965.1	90.000	600	60	0	1	600	250275	249676	0.0	887
UniRef90_K8Q5W6|1__4|SGB7144	combined_trimmed_reads.fastq_GCF_900636965.1	94.833	600	31	0	1	600	2476434	2477033	0.0	994
UniRef90_A0A180CAW1|1__4|SGB7144	combined_trimmed_reads.fastq_GCF_900636965.1	96.500	600	21	0	1	600	1147021	1147620	0.0	1029
UniRef90_S6C9F8|1__3|SGB7144	combined_trimmed_reads.fastq_GCF_900636965.1	96.222	450	17	0	1	450	751506	751955	0.0	769
UniRef90_A0A249DBW7|1__3|SGB7144	combined_trimmed_reads.fastq_GCF_900636965.1	92.428	449	34	0	2	450	905716	905268	0.0	704
UniRef90_C2JXA4|1__3|SGB7144	combined_trimmed_reads.fastq_GCF_900636965.1	88.444	450	52	0	1	450	1502359	1501910	0.0	638
UniRef90_A0A0E3CZG1|1__3|SGB7144	combined_trimmed_reads.fastq_GCF_900636965.1	97.333	450	12	0	1	450	366165	366614	0.0	787
UniRef90_K8Q9Y4|1__3|SGB7144	combined_trimmed_reads.fastq_GCF_900636965.1	95.778	450	19	0	1	450	2483645	2483196	0.0	760
UniRef90_P35855|1__8|SGB7144	combined_trimmed_reads.fastq_GCF_900636965.1	95.412	850	39	0	1	850	780068	780917	0.0	1426
UniRef90_P35855|1__8|SGB7144	combined_trimmed_reads.fastq_GCF_900636965.1	97.444	313	8	0	888	1200	780955	781267	1.28e-156	549
UniRef90_K8QAV2|1__6|SGB7144	combined_trimmed_reads.fastq_GCF_900636965.1	94.556	900	49	0	1	900	2885048	2885947	0.0	1482
UniRef90_A0A0E3CRG4|1__5|SGB7144	combined_trimmed_reads.fastq_GCF_900636965.1	94.267	750	43	0	1	750	938758	939507	0.0	1225
UniRef90_A0A249DGF3|1__5|SGB7144	combined_trimmed_reads.fastq_GCF_900636965.1	94.133	750	44	0	1	750	2241437	2240688	0.0	1221
UniRef90_A0A180D7N9|1__5|SGB7144	combined_trimmed_reads.fastq_GCF_900636965.1	94.133	750	44	0	1	750	83075	82326	0.0	1219
UniRef90_A0A179XL55|1__5|SGB7144	combined_trimmed_reads.fastq_GCF_900636965.1	96.000	750	30	0	1	750	896827	896078	0.0	1275
UniRef90_C2JZD3|1__5|SGB7144	combined_trimmed_reads.fastq_GCF_900636965.1	92.933	750	53	0	1	750	2236478	2235729	0.0	1188
UniRef90_A0A0E3D3K3|1__5|SGB7144	combined_trimmed_reads.fastq_GCF_900636965.1	98.267	750	13	0	1	750	199051	198302	0.0	1338
UniRef90_A0A2A5L6R8|2__5|SGB7144	combined_trimmed_reads.fastq_GCF_900636965.1	96.182	550	21	0	1	550	1002742	1002193	0.0	939
UniRef90_K6RV25|2__5|SGB7144	combined_trimmed_reads.fastq_GCF_900636965.1	90.727	550	51	0	1	550	2888323	2887774	0.0	828
UniRef90_K8QCT0|1__4|SGB7144	combined_trimmed_reads.fastq_GCF_900636965.1	95.833	600	25	0	1	600	1389828	1390427	0.0	1009
UniRef90_K8QDZ3|1__4|SGB7144	combined_trimmed_reads.fastq_GCF_900636965.1	97.000	600	18	0	1	600	1792374	1791775	0.0	1042
UniRef90_A0A2Y8ZEN4|1__4|SGB7144	combined_trimmed_reads.fastq_GCF_900636965.1	88.000	600	72	0	1	600	2462106	2462705	0.0	843
UniRef90_A0A0E3D3T0|1__4|SGB7144	combined_trimmed_reads.fastq_GCF_900636965.1	95.500	600	27	0	1	600	570614	570015	0.0	1009
UniRef90_A0A179YDT6|1__4|SGB7144	combined_trimmed_reads.fastq_GCF_900636965.1	92.667	600	44	0	1	600	1225921	1225322	0.0	946
UniRef90_A0A0E3D1F4|1__4|SGB7144	combined_trimmed_reads.fastq_GCF_900636965.1	93.667	600	38	0	1	600	1215318	1215917	0.0	968
UniRef90_A0A180DJI7|1__4|SGB7144	combined_trimmed_reads.fastq_GCF_900636965.1	93.333	600	40	0	1	600	103739	103140	0.0	959
UniRef90_A0A2Y8ZGB1|1__3|SGB7144	combined_trimmed_reads.fastq_GCF_900636965.1	94.831	445	23	0	6	450	2174288	2173844	0.0	737
UniRef90_A0A2Y8ZIR5|1__3|SGB7144	combined_trimmed_reads.fastq_GCF_900636965.1	96.444	450	16	0	1	450	2880725	2881174	0.0	773
UniRef90_A0A1Y0DW43|1__3|SGB7144	combined_trimmed_reads.fastq_GCF_900636965.1	96.889	450	14	0	1	450	254016	254465	0.0	778
UniRef90_A0A171JAB0|1__3|SGB7144	combined_trimmed_reads.fastq_GCF_900636965.1	93.778	450	28	0	1	450	1032621	1033070	0.0	728
UniRef90_A0A0M2G559|1__3|SGB7144	combined_trimmed_reads.fastq_GCF_900636965.1	96.444	450	16	0	1	450	886697	886248	0.0	773
UniRef90_A0A448ET10|1__7|SGB7144	combined_trimmed_reads.fastq_GCF_900636965.1	92.424	1056	74	2	1	1050	65020	66075	0.0	1637
UniRef90_A0A2A5L3X4|1__7|SGB7144	combined_trimmed_reads.fastq_GCF_900636965.1	97.006	501	15	0	550	1050	191152	191652	0.0	870
UniRef90_A0A2A5L3X4|1__7|SGB7144	combined_trimmed_reads.fastq_GCF_900636965.1	96.682	422	14	0	1	422	190603	191024	0.0	728
UniRef90_A0A2Y9BZE2|1__6|SGB7144	combined_trimmed_reads.fastq_GCF_900636965.1	96.222	900	34	0	1	900	263659	264558	0.0	1537
UniRef90_A0A171JAL6|1__6|SGB7144	combined_trimmed_reads.fastq_GCF_900636965.1	95.333	857	40	0	44	900	915555	914699	0.0	1434
UniRef90_A0A180D0G6|1__5|SGB7144	combined_trimmed_reads.fastq_GCF_900636965.1	97.200	750	21	0	1	750	2498293	2497544	0.0	1304
UniRef90_K8QE00|1__5|SGB7144	combined_trimmed_reads.fastq_GCF_900636965.1	92.933	750	53	0	1	750	2971245	2970496	0.0	1188
UniRef90_A0A180DVR5|1__5|SGB7144	combined_trimmed_reads.fastq_GCF_900636965.1	92.091	746	59	0	1	746	2439916	2440661	0.0	1157
UniRef90_A0A179XJ28|2__5|SGB7144	combined_trimmed_reads.fastq_GCF_900636965.1	95.811	549	23	0	2	550	910956	910408	0.0	929
UniRef90_A0A2A5L852|1__4|SGB7144	combined_trimmed_reads.fastq_GCF_900636965.1	98.986	296	3	0	1	296	599015	599310	4.90e-153	536
UniRef90_A0A2A5L852|1__4|SGB7144	combined_trimmed_reads.fastq_GCF_900636965.1	96.226	265	10	0	336	600	599350	599614	5.07e-128	453
UniRef90_A0A0E3CNP0|1__4|SGB7144	combined_trimmed_reads.fastq_GCF_900636965.1	97.500	600	15	0	1	600	225820	226419	0.0	1051
UniRef90_A0A1J3CFS5|1__3|SGB7144	combined_trimmed_reads.fastq_GCF_900636965.1	96.000	450	18	0	1	450	2361239	2361688	0.0	765
UniRef90_A0A0J6V308|1__3|SGB7144	combined_trimmed_reads.fastq_GCF_900636965.1	93.111	450	31	0	1	450	1065961	1066410	0.0	715
UniRef90_A0A0J6XLH6|2__7|SGB7144	combined_trimmed_reads.fastq_GCF_900636965.1	94.111	849	50	0	1	849	168521	167673	0.0	1382
UniRef90_A0A0D6UDP0|1__6|SGB7144	combined_trimmed_reads.fastq_GCF_900636965.1	94.667	900	48	0	1	900	719330	718431	0.0	1482
UniRef90_A0A2Y9BZD7|1__6|SGB7144	combined_trimmed_reads.fastq_GCF_900636965.1	91.667	900	75	0	1	900	907360	908259	0.0	1384
